603099
831526
870199
870357
871396
832171
430564
873122
836247
836221
600593
871753
833266
870204
831627
870299
430510
832876
872392
838701
834058
002952
833427
603628
835184
872895
836149
834407
836720
871970
870726
838262
832145
873001
002395
871634
836826
837174
832802
872190
831906
430198
831304
832885
831689
830839
832225
836422
833751
836871
300742
301337
834950
835508
430718
833171
836699
831834
873305
830974
873223
000564
836957
838837
000766
837242
430425
839946
831039
831855
836395
836433
000017
831856
837748
838924
001339
603038
833943
837006
833580
872351
838163
836504
873167
873169
838670
833346
836717
835207
837212
838971
839790
001217
830896
430556
837821
839167
837046
837092
835174
834770
872541
605577
600630
600178
600250
603392
603536
000715
870436
300729
838275
603729
002779
831641
430090
832149
300781
831010
831278
834021
002786
839792
430489
837592
839371
832786
688685
300049
834415
300405
831961
300862
873152
838030
832471
832278
873527
836675
832469
831726
000546
836260
603333
839680
835237
873576
002882
834062
831195
834765
831167
836807
871553
871642
830879
300255
833230
871857
430478
838227
833454
871694
833455
300093
603007
839273
000526
430300
831370
831087
872374
002403
832110
833523
003025
871981
838810
688577
301236
871245
831832
832000
836263
833873
835857
838171
301004
832662
833075
836414
003015
002564
002888
833781
833429
831768
603052
873339
835985
603097
002855
301061
835892
834639
300492
836208
870508
834682
834475
430418
832566
834014
832419
830832
603615
603598
600306
600605
601225
603530
605289
603661
603358
603556
603958
601188
601898
600844
603167
605118
605378
601567
600985
600599
688278
603211
300765
002476
000429
603356
003028
002211
001219
002756
003816
688408
002632
002856
002675
603721
830779
002783
002962
002915
002318
002255
873665
002327
688500
300536
603298
430017
300849
300017
002523
870976
300351
000620
603315
002176
603009
301188
601985
002128
839725
300859
000421
603322
300389
830799
832491
835670
002550
002767
000638
300791
688575
002241
301111
000820
000705
000403
830946
301187
300677
002586
300812
833394
870866
688621
833575
002875
000400
832175
300668
603050
000543
002981
834599
002347
001209
603111
873132
001216
002058
000628
300608
002872
002927
430047
000692
688728
600561
002843
833914
002955
002345
300842
600566
000619
300175
000020
300076
301096
872953
002577
300808
833509
000983
300809
002989
000408
830809
688581
831445
830964
301383
000533
002660
300705
002543
300411
688595
002105
301391
688496
002100
002755
000697
000595
603798
603066
002432
300478
300423
002947
300461
300796
000558
300264
002200
002357
001226
002306
002103
300514
300354
002819
002270
002162
002575
300832
301067
836942
000532
688480
002884
002780
600571
002641
002313
001314
837663
002209
831305
688506
832735
301076
000691
000777
001259
300298
002692
000158
688687
601918
300421
000698
002416
000678
832089
836892
000590
603329
300402
002495
002691
603709
836270
688609
603717
300313
002290
002785
300530
834261
300482
300851
836239
000889
873726
002771
300857
300949
832023
603048
688578
002150
002749
839729
300833
002561
002827
300805
430139
002708
002159
000937
000635
000039
000993
002533
000679
000615
300210
832651
002840
300269
300445
002186
301345
430685
000096
002521
839719
301012
002178
603059
300968
872925
688676
837344
600557
300100
603332
300723
600792
603488
688076
600873
603600
603389
600106
603230
600654
600538
688289
603226
603518
600997
688062
600819
605198
600295
603199
688192
600983
600863
600377
603586
600319
600661
603883
601298
600348
605167
603178
605296
605180
603819
605056
605365
603890
605333
600200
605218
601096
603499
600475
603408
603379
601699
600318
603280
603950
603677
603367
605288
603895
600712
603221
601226
600256
601001
600493
688136
600462
600795
601088
603396
688127
605128
603626
605016
600828
605158
603660
603386
600971
600678
600107
601717
601038
603168
603663
605303
603863
600066
600012
600123
600241
600535
601156
603998
688032
600025
601127
603983
603477
600027
601666
600156
603212
600499
605319
688177
605179
603992
600023
601101
601798
603201
601000
603577
688253
605368
600350
601168
603558
600530
600088
603656
600892
688228
603658
603829
600133
600715
600387
600735
600938
600188
688041
600615
600805
600766
600603
603200
600312
600824
600697
605488
603608
600642
688271
688010
601872
603977
